-113.94845665752858 
-154.3181430392682 
-105.2390028381767 
-233.40339511199994 
-371.4333104295398 
-102.63313154536343 
-294.20757804067193 
92.25107986448663 
45.82176209436098 
55.078820702283934 
-128.62315185291212 
-127.00346013844796 
-132.2651198653312 
-347.4689514424657 
-256.680472424536 
-153.4224459351899 
-176.88346727170745 
-241.3659318038687 
-103.25628326553985 
-402.5973809299411 
-265.2494746010144 
-359.07285131031097 
-508.63288022090165 
-184.5839846172841 
-401.4716925092555 
-409.9270216534393 
-263.5918940694379 
-174.38717400222427 
-237.62795070368136 
-462.33388736004645 
-305.06665033024046 
-179.23280059735953 
-136.03890499055427 
-138.61146977539818 
-128.50686678086902 
-117.26197277307122 
-207.75558648257652 
-167.69665026505044 
-164.80069432123193 
-129.1618994854493 
-184.09405717017484 
-236.93018847172087 
-122.94489474903004 
-69.64629933129646 
-98.97738199555484 
-60.76438241374976 
-113.0542293333541 
-148.9013132969178 
-340.2969088522572 
-119.86854133746128 
-137.35331856945507 
-124.55199941894554 
-169.37021294764617 
-110.80871197052362 
-91.84263171438006 
-203.56396870178298 
-114.05094220016544 
-96.55850404587919 
-195.72205653092468 
-121.71931887387555 
-111.98296193645047 
-98.33498060598632 
-244.98128069346183 
-256.4267116779961 
-246.85034926329178 
-73.96418667043437 
-366.3968587361398 
-324.96759935784445 
-167.82341740655448 
-101.58824017216673 
-172.8216878595905 
-154.47511727516343 
-192.9760579364541 
-167.7567397442026 
-65.73035327680753 
-55.76873567279635 
-163.44962493139545 
-209.87510682080003 
-64.52394327626263 
-157.4405529480315 
-135.48042762546152 
-241.31255362334073 
-173.25862914691035 
-269.7101246447087 
-243.5499337588896 
-192.15024492543125 
-228.5951166145553 
-318.14241456738716 
-91.08367234636512 
-64.5558266892532 
-225.65242031959735 
-66.87033696499093 
-25.205439738768543 
-110.78543577224724 
-109.76969842126827 
-71.93219297789693 
-34.08680871781661 
-187.1703769525485 
-204.9402077546643 
-372.24008322720186 
-456.34830406396367 
-510.9833106154076 
-418.0551267961643 
-258.6759200615497 
-177.72192715714868 
-600.8219743690188 
-219.18721231295112 
-203.8894392900337 
-350.6691554080793 
-233.70795218320632 
-150.77165297488062 
-165.81147990628145 
-449.49166799998767 
-182.74656729700035 
-158.1228639450464 
-222.86445454146045 
-236.6020274103915 
-69.5547280163546 
-224.34004219798317 
-146.61298058840063 
-533.3688189585376 
-140.53008437857977 
-539.2231114246177 
-465.1109131866003 
-481.8912967195878 
-98.29677288045902 
-285.4225691993321 
-197.74726709543717 
-145.5508392257792 
-163.8150683237014 
-199.25761496191762 
-136.4787697912357 
-156.12266823015256 
-182.79380440721894 
-196.59387153288748 
-139.43369076493008 
-240.44586530298565 
-47.25000357519867 
-145.8762353791871 
-145.19537702525224 
-164.20626688068023 
-52.86383666705689 
-177.61723528231548 
-178.07334701406623 
-65.52299809647505 
-172.01970269593076 
-173.20051478297384 
-83.11875879824792 
-182.46176496635815 
-181.49223170896363 
-71.81807245181972 
-25.576512278505614 
-22.985069231941136 
-16.367068183108277 
-95.13904168699685 
-93.37183331088251 
-90.3791511712067 
-279.8478144801028 
-496.90616959695177 
-28.037431072850236 
-94.65177151074764 
-92.87799417131788 
-65.48747286743342 
-122.88785607098106 
-122.28957365792621 
-23.963246268910325 
-105.23651319024621 
-105.39218828684128 
-53.27559103417174 
-119.94629692245547 
-121.72826667178825 
33.92470087237319 
-51.853703341019404 
-52.36821952391427 
-71.63645719856326 
-276.29846416659296 
-86.39053106391334 
-230.3226019295647 
-75.63415740811583 
-165.3148395964968 
-163.51579897555953 
-56.38778460719032 
-76.49594144472319 
-74.0498571149491 
-76.16451808270361 
-88.38545307877358 
-88.90587213497844 
-71.20614520381721 
-124.08201919482582 
-124.19240949663738 
-20.776544027834237 
-58.677046470772765 
-58.819540169340456 
-91.02401008067513 
-72.59309603808619 
-135.56646762717708 
-134.05826662211928 
-37.13118931361946 
-84.53787133546818 
-81.79992046187866 
-110.07077225530173 
-221.710139539941 
-40.889170317061435 
-121.37569427833589 
-122.85259354613986 
-64.29591507347705 
-172.2260765061303 
-173.10255255659231 
-109.60144517831839 
-44.22856139950398 
-153.66898531011043 
-151.45535403388956 
-149.194883693592 
38.071012199853286 
-72.95658892414897 
-75.20862904182026 
-74.59920868704175 
-228.2286677324587 
-229.0053740560998 
-9.896189822961402 
-71.89946950927735 
-71.12227522802459 
-36.13353043647616 
-108.05148371769226 
-107.567803954581 
-130.53310390008082 
-62.219862859104865 
-124.32748214670173 
-124.9555079731496 
-38.721854613804226 
-96.2849951024416 
-97.03225718410869 
-92.71171025069867 
-174.63951746678623 
-176.10378054545725 
66.53496551588492 
-62.27459069139486 
-163.55905522716245 
-65.29993060367914 
-121.4533071257495 
-123.07230338837455 
-147.4732938611446 
-137.0760683423401 
-144.91313966436005 
38.11307102421193 
-59.77064730365701 
-57.36997083982944 
-9.805457288309025 
-108.10980337934559 
-109.48874596797202 
-202.74885166276778 
-207.77444358357343 
-162.82893797934966 
-158.67047522391954 
-116.62749205715193 
-255.35791130148746 
-100.41289261331848 
-149.3530263828166 
-149.57746149237556 
-103.06282347298018 
-178.01296668742935 
-13.516287885171863 
-106.7788634640905 
-102.89038742231068 
-208.13400473822276 
-47.993747172694675 
-205.6503702383249 
-107.5521003880477 
-268.66166299264023 
-203.93578914382107 
16.868281093696126 
-49.20309898375677 
-52.731350530224695 
-180.29367180501055 
-136.924686665941 
-231.0222555974255 
-135.93774251635296 
-78.62636785953707 
-106.56163898219965 
-103.6142297105274 
-88.31132313983609 
-104.23429444409291 
-105.87997272078887 
-20.44255581800444 
-58.61869248518659 
-58.06354127319235 
-128.22520932112877 
-170.78932995664985 
-71.74809311368814 
-108.24085135465081 
-110.19399286864714 
-171.98089265200048 
-75.32397494813922 
-55.31093556546455 
-56.127110604922265 
-40.90622380096648 
-79.89284144242477 
-77.81736339861283 
-85.0690086527094 
-125.38553023601035 
-125.09117022713038 
-73.26440584618446 
-97.43682590514796 
-96.02652882624217 
-88.87285442416926 
-133.89212520440864 
-135.71422600652528 
-95.2371696225665 
-201.19007628880615 
-220.4445854242274 
-124.06772073841996 
-59.22802584131561 
-90.89780736134087 
-91.74057154984068 
-91.60811870169233 
-125.35794264383011 
-121.86100237360193 
-146.82148079752193 
-91.98654221782623 
-102.30956819322671 
-103.6666097061393 
-124.04858515203598 
-134.06508100360108 
-128.6867760053539 
-119.0748215056375 
-116.34223453897168 
-117.02347562820631 
-95.23539087936915 
-120.82306139423709 
-119.31214530308681 
-249.03553443670452 
-122.50256331273181 
-76.00754524474235 
-110.47810638332192 
-111.64981322113947 
-79.73339743592031 
-99.31913136394246 
-99.22508534206345 
-138.6942452344853 
-8.148320861106736 
-73.71344446117148 
-74.32411850855735 
-143.63074982942376 
-148.09469759771812 
-146.66403622747816 
-178.5104945340239 
-115.32940583874677 
-101.97342476285651 
-103.91511722094619 
-130.9564714943287 
-233.0448922253275 
-76.68068915064153 
-72.72948231232286 
-72.82034413530373 
-83.7306974548359 
-62.32452747248358 
-65.36674459375391 
-172.36378881563172 
-95.05831822623738 
-97.31922946407494 
-99.68729914954963 
-103.73273698385358 
-95.2141055440804 
-94.34195645660695 
-186.90461953609588 
-97.4295321459671 
-99.66406607596544 
-100.09066841939392 
-35.82973026436985 
-79.6106728168449 
-79.47812793673315 
-113.39060073775919 
-96.8347298303799 
-123.0443389278377 
-122.69844542142233 
-91.19851882298236 
-20.04316816735393 
-88.38655874040009 
-88.44117702635077 
-82.4238526492374 
-131.85009786661007 
-132.87209822557998 
-84.91001234273637 
-144.76502656015504 
-145.1466723032992 
-64.1136045974932 
-106.71498471390086 
-106.27882428327688 
-66.11564944119105 
-115.25146005390512 
-120.08602686856415 
-58.73969745515207 
-118.53525846454447 
-119.57380872553668 
-81.79568005697959 
-119.98498855743642 
-117.81730205652507 
-69.03151695464999 
-126.051509795645 
-128.98937240693627 
-23.096423490696832 
-109.28944537382836 
-111.29231368118322 
-49.42791060693981 
-117.16370227734846 
-116.67891282278983 
-48.92054712812183 
-124.00762317731531 
-124.84388918669214 
-69.96656888259385 
-110.26533377909483 
-112.95836296100082 
-92.34266132611603 
-148.24185445568602 
-148.45474873151258 
-85.24068463186038 
-134.254801051275 
-136.73141049522457 
-85.19188056870144 
-131.8161103227477 
-132.8278292054624 
-35.48410196707633 
-87.27478624992222 
-91.04450450206906 
-76.01389355355693 
-139.11394303062755 
-141.57348465750906 
-88.38412867513239 
-142.32785310114812 
-140.46406410297143 
-238.3474280838065 
-90.5139763869974 
-116.71959833047953 
-114.82908893083201 
-227.82064147320634 
-227.77019890340546 
-231.98824814010248 
-91.63670536955736 
-89.02363492373637 
-90.46501816127868 
-107.07500573213606 
-98.8990726213572 
-96.93445144442994 
-93.77992613004231 
-62.236114868828636 
-67.25373701514624 
-99.45966790500954 
-129.73476003965789 
-179.1740920333291 
-83.32515355134615 
-99.48053860887673 
-98.88298612180779 
-76.15427740261921 
-98.20716143619566 
-94.78172950099912 
-234.84837676613333 
-122.34564893736679 
-269.7103594670903 
-61.957657921497116 
-90.91301771820534 
-93.36882895901917 
-319.83860531026625 
-299.2650969622571 
-461.8445376501459 
-466.3034932942254 
-578.1574365787852 
-60.21590864878951 
-108.53912663479908 
-108.71478213513535 
-269.286796093406 
-305.6444443685218 
-45.69195078783029 
-95.08259158925316 
-95.18431553211678 
-122.11507809045463 
-134.8876494199626 
-134.90928496341544 
-47.75916984031616 
-91.05319937055631 
-90.76758637268807 
-190.81854672522763 
-135.0222653331684 
-166.729850461593 
-167.71408267012336 
-78.95517345768005 
-93.10394266045446 
-97.4050104514041 
-99.24758894128772 
-146.35939340011345 
-144.855938790997 
-83.89806306337073 
-129.58650342516287 
-130.15333060359433 
-207.0675802140784 
-307.06758021407836 
-131.87706141889063 
-184.07008068182563 
-182.33886838668087 
-199.15861013652597 
-234.24289691717235 
-235.3898821470127 
-129.6828084688788 
-176.71507085382206 
-180.20220791938286 
-128.91486508770524 
-299.39673739300315 
-69.3213572355443 
-117.46898926601003 
-116.2656931023643 
-93.31859990622351 
-153.3774128659626 
-153.49488402795166 
-85.17296136932619 
-146.1700832971807 
-150.77955584726766 
-80.41226602986686 
-148.1553150123098 
-150.07843509913806 
-41.501997242778835 
-111.0273696864919 
-110.33247288583046 
-135.86269259262104 
-89.63053987439177 
-65.52947930038043 
-168.2776549220763 
-188.6196416163594 
-5.3510368072324885 
-90.4227029373525 
-93.2343465129112 
-30.837795351957546 
-116.81346435160664 
-119.15749372291133 
-91.62810561619928 
-162.79120392370413 
-161.98607577136673 
-152.0236832863024 
-371.40316525602447 
52.79110467822623 
-21.732143213864862 
-22.589091521283088 
26.995231673173585 
-37.829435775927685 
-37.507702739245 
13.570915694460563 
-54.25983168150248 
-55.621608794697416 
-20.79843368245862 
-92.75748845028606 
-95.28736246404601 
-33.91263571015871 
-98.75577007172427 
-101.03744432799155 
-61.74729167724022 
-120.44778954921206 
-122.539326262117 
-1.2958027541010528 
-74.51383548519209 
-76.20013538947246 
-38.18798773675288 
-123.06569924170437 
-123.13458154445507 
-26.757483300770637 
-107.90604361695124 
-110.71376004977111 
-53.65010025399165 
-107.63380885412832 
-105.25778800349045 
11.86311050215922 
-66.88189391459996 
-67.9429534600287 
-19.77644305302721 
-98.18044952395802 
-95.51214143023867 
-64.10792397364553 
-140.56871013823158 
-141.15331177332305 
-10.314677197649942 
-97.3294152214799 
-97.59477317612574 
-55.35358276998413 
-111.78287314240505 
-112.62834897090444 
-75.81047773111642 
-142.78221685273658 
-141.5806701357724 
-147.0044125149791 
-25.56074220091666 
-111.27712740097793 
-111.2121023666444 
-56.51601187305443 
-153.93258324208128 
-152.63794595265668 
-86.5477001140163 
-154.7565686975978 
-153.41323086386132 
-40.68098033977185 
-90.43385733368564 
-89.11689179294412 
-40.85536602054261 
-192.48996709905617 
-69.2565473517895 
-104.4952610482948 
-99.75858012460992 
-90.68514414772966 
-234.69008790913992 
-68.57500373150145 
-193.63913954412206 
-123.39374270920132 
-253.5420527058381 
-106.24424060873051 
-150.7077021892414 
-153.06635571901444 
-116.90752037370152 
-342.05305843810993 
-251.50750570804286 
-76.00007769781594 
-136.128616889015 
-134.42469569516683 
-36.57703712751161 
-92.32034262541225 
-91.66636595080303 
-65.28583698862953 
-69.58950246002716 
-143.1861556886435 
-146.3077584309073 
-294.48316387717136 
-50.1544102348698 
-125.81541771575786 
-128.88885222677862 
-37.52423585644238 
-117.26665672826009 
-117.5549687196105 
-33.856933109080074 
-110.15496061731274 
-110.74497603198317 
107.33737934535627 
-36.22234340331632 
-132.66168897172716 
-132.21982447596852 
7.732059686750562 
-76.44255432661203 
-76.89708657191592 
-13.290774613791775 
-104.56332020341644 
-108.64714638573888 
-18.325921050475788 
-100.69128564224329 
-98.49670162638975 
16.905108869598514 
-73.79133343564665 
-73.64137909573506 
3.3844026464670454 
-87.95001412549138 
-86.11814512070464 
0.6201914506131707 
-97.3964717649071 
-97.80403101017109 
13.191118433346356 
-70.9432682552923 
-68.67682487910753 
-2.406227874735168 
-93.52209986061392 
-92.47207158875044 
0.5875015002907074 
-93.62341534687624 
-92.70484882870296 
1.8933163140526117 
-106.82980117591858 
-109.60054147571505 
-29.1942639749376 
-142.6605564026765 
-141.65694242164543 
-511.2349034188564 
-51.67218197636505 
-109.82884519179561 
-110.82028057553794 
-3.1266187671840537 
-128.47605665759295 
-126.88422785370022 
50.24383551082973 
-34.70227511783767 
0.6770230767607508 
-103.12138593191307 
-106.37094261266824 
77.4133506247272 
-6.4541465984094835 
-7.339058040695952 
11.049656479774463 
-111.89171463835294 
-116.1646480463975 
85.7232873680032 
-45.41612185604965 
-49.96350896282443 
59.6044479542706 
87.13637184570938 
6.508242154668205 
8.680045059767743 
-12.3322339885082 
-102.70359631101657 
-106.00200864099253 
6.02713126191351 
94.55466766709257 
-6.60440712128611 
-9.38828116570312 
-39.56444970776138 
-240.17972103112663 
-142.45600432134773 
-101.0168716220631 
31.78337401049286 
144.5916173922255 
-29.87155661151736 
-210.35435340389668 
-146.07077800739918 
-92.00725515711592 
-171.13560804513082 
-109.16615973204237 
-156.2554096683063 
-126.58069382846517 
-170.97025095609388 
-142.08976277210738 
-115.12724993188465 
-144.0002844059675 
-160.47610689532866 
-136.05147830372076 
-182.58979981028412 
-158.01631573508354 
-144.13102153499577 
-124.60133206102746 
-158.67262090733877 
-134.2465284165041 
-284.960935218292 
-121.32197366594175 
-126.86588703206965 
-130.81234874392575 
-204.12359679534262 
-124.25234597917311 
-250.4686646812413 
-219.13462164846908 
-328.85109097267076 
-117.09425074715018 
-215.9768476698236 
-101.15214377787146 
-131.3554550951913 
-195.84505295135637 
-260.44805155667643 
-151.57733815526547 
-40.976725378335246 
-161.85188566858747 
-163.1986892031693 
-128.63128885099079 
-109.32760672619749 
-33.785194100759355 
-136.40961214414648 
-140.47744664653047 
-236.66939580331493 
-230.92175203651794 
-21.300467930013333 
-118.15104072902098 
-114.48009087339834 
-127.32344395166874 
-18.166479991454043 
-128.17660986237328 
-131.34104670639937 
-226.08757970899188 
-30.11824872388209 
-375.81644988466127 
21.41510049563658 
-105.90901850315899 
-101.74454197539268 
1.601185189798058 
-113.20664786946642 
-109.86667504411213 
-10.029041072195088 
-126.880516476842 
-126.05252294516075 
46.51817038385414 
-62.02376868990753 
-61.928507874347574 
-445.9026308421726 
-6.356215480933248 
-123.68523131456573 
-125.44287305666387 
-17.01185793174797 
-138.34367624617988 
-135.07863536155185 
-7.33556159479526 
-126.34371482253017 
-125.25202223793372 
-1.9040911656602288 
-120.00247391385194 
-119.8080129942886 
22.45157791092356 
20.03820066756979 
-98.90235815527302 
-101.08079039552602 
-31.446980307248268 
-123.64187900370024 
-122.72888476323243 
-12.33893964698174 
-315.96920006531263 
-7.394301897938505 
-375.06958857279295 
-206.94285903652678 
-15.58287779662687 
-147.39182045614461 
-148.05009637199998 
5.037804825986379 
-85.83418181331731 
-86.48351284928462 
32.27395188296824 
-89.85611142682319 
-90.26697301707695 
-72.77455069195787 
3.5046821363065703 
15.474270955018602 
-90.22394356235193 
-89.679129080261 
31.365190114397105 
-80.16536602495889 
-81.09759052180898 
-4.496407242655504 
-100.06780045188657 
-97.95929708999324 
12.1929501668061 
38.16800760615291 
-40.02662664188319 
-127.07806709753424 
-129.33951173417418 
-155.41658517451464 
25.443693091091053 
-91.0188618966419 
-92.12905177431372 
-44.73395203114457 
-140.34826532601613 
-140.59734423311886 
-52.588427593872794 
-140.77073066114073 
-141.0670916479827 
-56.72609407338838 
-133.71922946961413 
-134.03287982082713 
-335.7224228742682 
-82.34172447215028 
-172.21736864708305 
-172.1706054868072 
-241.11040763295455 
-225.03347037901506 
-32.64131580774521 
-138.87949005289425 
-137.23964390231865 
-170.47215759475844 
-148.29028703717222 
-226.37968111927523 
-154.3629167406073 
-36.29050005146136 
-160.6315005280177 
-240.34620730778093 
-214.12696976388736 
-267.3084172505464 
-255.30119138648547 
-70.81200800626692 
-250.5308420336152 
-184.10923545779224 
-242.71910533945837 
-156.84719817510341 
-205.19189897670515 
-483.5787663900248 
-452.464236514416 
-217.65922927726493 
-399.80875353002295 
-139.15286835307174 
-172.06279778654448 
-228.10591019795515 
-368.56638505855943 
-223.04123036583331 
-308.75874605286083 
-317.9282036544286 
-218.50787445589992 
-227.36870822849772 
-309.18285640328236 
-231.80967078041294 
-290.63827592584977 
-275.2854008347811 
-569.3111145996513 
-235.52604836212086 
-306.77587350723263 
-592.6929755516451 
-142.75870401333313 
-252.60496392661952 
-497.1724615588098 
-230.44193001204658 
-531.1117251417381 
-240.09856828970265 
-210.775995088049 
-207.2051611693003 
-1015.6963023455672 
-4.8114491038720075 
-87.31466470705791 
-80.37706575279239 
-108.92573728743923 
-145.55955282838977 
-294.4633661656809 
-12.780842482729781 
-35.816017270285116 
-233.02841257762245 
-277.37856777321804 
-274.0068226736643 
-365.81843515179537 
-388.25572405998383 
-79.2244323000181 
-212.84005065841905 
-188.59924947627184 
-67.12564300601417 
-245.44599827807232 
-313.62347583114075 
-85.90907121321429 
-227.81330917489407 
-495.8158002914691 
-181.19626744926205 
-326.57865749422433 
-642.3016644734078 
-423.5747243476832 
-283.29792438026755 
-165.18200378001674 
-135.76429364315084 
-204.81171396244036 
-571.3243356415583 
-80.43665924667465 
-122.53233602174154 
-334.8045835804752 
-331.259807630001 
-48.53948328343706 
-138.07043183953132 
-138.19199496321266 
-147.68209189857023 
-64.19256270621784 
-261.31880639378636 
-124.16996278199834 
-182.23311896954365 
-178.81971213358003 
-103.67890193302112 
-238.84681188948107 
-154.97411369388908 
-131.12501106553893 
-29.62837556587513 
-225.72118638992055 
-159.5448005305635 
-168.5720040343221 
-514.8886183436771 
-39.205662016601735 
-209.9514373791289 
-249.57456622891854 
-295.0292365686032 
-302.68713473386913 
-95.63972814794283 
-202.22504485242501 
-236.4215828855064 
-131.93950117289597 
-266.52817377387635 
-58.07199727367167 
-91.53800000246557 
-245.76642421298982 
-151.2197886727268 
-132.6401731405004 
-101.7123860645294 
3.712568173773974 
-169.95996989285146 
-174.26817117729246 
-234.57998100535065 
19.391204265204056 
-331.07941592719504 
-174.34855509706614 
-129.34406373309727 
-314.058445354048 
-146.8305172380761 
-234.90017274864246 
-63.28645414136508 
-110.58004785480642 
-111.55795818198249 
-263.63511042234404 
-92.46937727225577 
9.344612317805712 
-2.8493194080981263 
97.76240211825461 
-36.53341145080288 
-228.71089355515028 
-93.17028599606253 
-225.82165526232455 
-26.635887445561877 
-79.58313354084103 
-86.64994516098305 
-87.9401875393096 
-137.8438060253095 
-110.93600769718046 
-169.05283487421292 
-165.9048996653608 
-214.72473711167362 
-81.82324036742119 
-247.10362420828102 
-175.2329158694264 
25.90823841425771 
-311.63504868524836 
-155.8911598262561 
-159.78327946263516 
-211.2988695591929 
-61.18703388321086 
-3.289989703934408 
-269.71563987166667 
-77.90482939079595 
-177.35772366167424 
-177.41071288334814 
-92.33808467824325 
-175.56418172718463 
-175.32031125544688 
71.80736404690995 
-49.419618902064975 
-49.584397218656726 
-90.67531698577568 
-200.85280875421773 
-201.24394624478697 
4.093418255954574 
-109.39892971995168 
-107.82829254435981 
-0.30906597232251176 
-80.06269320108397 
-82.40001241398956 
-48.46768184497496 
-139.28323569072734 
-142.48481824318733 
-2.398619844475286 
-71.75387001105837 
-75.47000916255978 
-46.19509576231395 
-122.5328239130889 
-123.35887606209744 
-32.45979975976838 
-95.22702767186425 
-94.85217816113139 
-71.46560684526571 
-163.43985797126726 
-167.79635023487842 
-431.9979307864386 
-583.8422136363156 
6.470160854603364 
135.83646824342395 
236.3348622067562 
8.301567938435932 
-80.31769938646086 
-83.78420864686888 
13.460714735971766 
-88.91954529829525 
-86.96442264198251 
-61.44366721431365 
-10.963275711099149 
-101.60567737377451 
-103.69713150699032 
50.97968524498147 
-33.188104499242485 
-34.55678615983949 
105.52477932707787 
196.98540353757744 
-47.48767742407287 
-118.41539336543804 
-121.57785526737514 
-16.61617778854095 
-116.79231937446002 
-113.6818710651609 
-52.563107289921824 
-138.98305903007193 
-136.124059215141 
-206.97501319103182 
-32.68666596425625 
-133.64338187634536 
-133.99828120132503 
-75.00226185736202 
-173.6608783337064 
-175.19535778415096 
-961.8447300934915 
-26.460266387132844 
-128.39238045403366 
-131.4932303092031 
-29.59732014227589 
-117.63545497011353 
-122.05358960880699 
20.149682437301486 
-51.29549305328935 
-51.325798028932425 
-34.66421309331096 
-122.90489116583585 
-123.2870853473311 
-29.32379053461203 
-121.74243767703354 
-122.72144555923505 
19.499689103601202 
-55.67045583071547 
-54.93289025969678 
-62.33396698993119 
-141.875563794488 
-142.15203954728617 
-41.589257862738954 
-116.5826300526265 
-118.03636325239069 
-17.021332287413063 
-99.74944663783683 
-99.98121967741656 
-82.11346545762046 
-166.89965882815386 
-166.30028733553877 
-49.89588256884996 
-123.29614661174938 
-124.64515961203618 
-60.9511681914058 
-145.2526098762624 
-146.1775971326354 
-2.1309016772585827 
-86.83573986248496 
-85.02692755394753 
-33.83032799282539 
-110.40627817716032 
-110.54286655454206 
-45.18835828666526 
-135.70549385737127 
-135.28034295253033 
-37.710710223906936 
-118.8078563833714 
-121.63579216195406 
-48.27279127580406 
-132.98838995152562 
-132.47146781231226 
-33.73151414957949 
-112.19097282624399 
-114.25635020309753 
-30.65305028779045 
-103.78225960423472 
-101.94536797174736 
-34.86962074629264 
-109.70485202463928 
-106.31629282129535 
-36.56223388214463 
-102.8943379994227 
-106.00843487652445 
-52.70326881806085 
-130.6487669189153 
-131.31562240023692 
-42.99282506024598 
-139.15723049916133 
-140.49635096622393 
-38.260755716807424 
-119.57104922863216 
-120.15552936640132 
-35.16372298272379 
-117.8864512213877 
-115.82107857339217 
-34.33572543388555 
-111.00868411780924 
-110.6855815461586 
-51.4660749273069 
-126.79520198547388 
-124.2147022788214 
-30.22183429476396 
-115.42011526950688 
-115.59471423005056 
-57.830240231600406 
-134.846604856631 
-137.91763131083607 
-31.379229351981934 
-99.13513643356849 
-99.58212169097564 
-61.57285386256062 
-144.63042617034816 
-145.12617985174631 
-100.94925097887405 
-229.4157463342974 
-34.10435204332079 
-109.74325895297463 
-112.40041867003369 
-49.603308472032055 
-131.93820752650586 
-132.79259238355982 
-80.45508096186958 
-162.57173601945206 
-163.80747932532503 
-65.5757043056313 
-144.75152441767708 
-143.9827348667396 
-500.3307874265456 
-64.24314028607937 
-142.98252386844467 
-145.09946862348465 
-70.8532424920245 
-143.8360753773533 
-144.51557688909165 
-47.48554648204817 
-124.61928654484788 
-125.77851392104881 
-56.05010102666688 
-130.37127403575522 
-130.26186016146468 
-74.95477290509596 
-152.43774316468713 
-151.61820953255122 
-59.56223260539714 
-123.55913643688993 
-124.61549444238865 
-457.76234079244824 
-27.519552752628254 
-111.83529128497773 
-112.44941744632449 
-34.4725443068492 
-97.49908183772965 
-99.05756129497873 
-77.44631583664687 
-155.02877125915472 
-156.68563008061156 
-65.53399079587444 
-130.61972611005552 
-129.02202179616197 
-60.8459965265862 
-140.68266096793624 
-139.2706939784296 
-211.70541743311935 
-19.77350631829899 
-107.00738382387016 
-106.95215995386292 
-22.889063064013364 
-112.03715921215529 
-112.12940851856744 
-31.362106227795543 
-109.70127994055294 
-111.46981887199225 
-27.05715087890143 
-120.42240985478263 
-124.68203310985024 
-688.9324494032911 
-27.526286639866605 
-127.1224118350911 
-127.37758284113579 
-24.027002000922504 
-126.88249290239975 
-127.38930236792571 
-512.2605205298373 
19.963978303796594 
-74.37777417543236 
-76.64538759513648 
-41.65219851756117 
-112.31670000037244 
-113.73707425028337 
-58.100337389372854 
-71.63687781697608 
-131.05026266892142 
-133.396421209871 
-7.3086981971068665 
-93.3418340519235 
-95.2893092246783 
-63.3425446003433 
-137.47696018368126 
-136.79504588418607 
-426.0628201159131 
-106.78622078968975 
-48.952137492076794 
-120.47505074109509 
-122.96064412454317 
-30.779527935011725 
-107.14284383812728 
-108.51448865921385 
-39.250110131630066 
-110.1275708181852 
-110.36131804775727 
-12.398992497068658 
-104.7360846089735 
-110.16343957701773 
-31.01580414277028 
-114.19629767095084 
-116.56658101055645 
-52.479127772029635 
-127.0271509374592 
-130.6733352624142 
-69.20897629972622 
-153.45084038844442 
-157.2648081290924 
-33.43345872622703 
-110.29624256759239 
-109.148176437684 
-56.98552185275983 
-136.64671117735816 
-136.1544934499595 
-47.89769516301662 
-124.37419798101294 
-124.54296328402299 
-58.19183023205038 
-134.60207465956253 
-133.12408064357183 
-54.886010928074974 
-132.95318612121812 
-135.09770385676163 
-58.32648025498096 
-137.89923075546452 
-139.09308214369727 
31.472791827014778 
-64.84951326293064 
-66.47568550653082 
-37.87825839497542 
-135.2018721701034 
-136.74995667426228 
-44.75959301563804 
-111.8050862967201 
-110.60373651221056 
-31.95426058475876 
-120.13135954838366 
-120.00444766002718 
-31.08863525815325 
-116.67380123634636 
-119.23444574485433 
-53.40272678153459 
-148.26714710781516 
-146.93935310477505 
-49.73142246549783 
-131.798420137908 
-132.28845380501542 
-110.20124580284596 
-18.771014840030542 
-104.42418523723201 
-105.62133338502609 
-33.09810520235882 
-164.37337023740352 
-166.60961852380814 
23.086436899851048 
-91.66264202547731 
-92.00109279768539 
58.4084901099565 
-104.07848235629542 
-104.90245678287687 
49.50105162472499 
-111.86236532102626 
-110.22017876594053 
45.900797173511975 
-98.53380962076577 
-101.36169316026883 
-340.92785413859497 
57.910229073744105 
38.460086175307765 
38.626573449182594 
62.02892465457115 
-46.26703997697775 
-48.04665079553329 
50.73630402501466 
-51.70565733321008 
-54.524677798637406 
56.40817747348928 
-48.0946458532028 
-50.58640905646349 
-142.49061008010847 
4.166768016738475 
-99.1721303744126 
-101.99263849687813 
-15.973690592087985 
-137.93883143686128 
-143.86474697046927 
-52.31217024289121 
-138.37905336580366 
-138.19292154532903 
-71.62885727116767 
-160.6294846944055 
-157.48336231315375 
-42.269617184174535 
-127.22205706539145 
-127.98258308335346 
-238.7914288313758 
-214.1241014485517 
-47.294298495987974 
-145.93555563639737 
-147.34041828614883 
-62.818621914326584 
-140.6944016821789 
-141.79617020539325 
-108.69482923530235 
-403.9722214855973 
-33.331994642757785 
-103.6106798197573 
-104.88322444449251 
-52.78015265359846 
-129.8662705928069 
-129.58094364215947 
-368.6705709685652 
-103.84954782305738 
-117.86294730486713 
-104.55522381394739 
-578.61969368322 
-338.5491338569909 
-51.07028008410634 
-131.03650062124308 
-129.6970406313938 
-161.9099352423882 
-428.9565731812253 
-49.87100502497196 
-134.1626460958142 
-134.56703739073998 
-357.12462285218874 
-51.255929412517894 
-127.89085308481634 
-126.37090604590807 
-36.01550966009821 
-113.17602038505866 
-113.21450219349629 
-65.04244194765042 
-147.26043567298632 
-149.61469536083345 
-70.50859101494058 
-148.52085686612423 
-148.6851757137207 
-12.907417628380783 
-92.75493804108436 
-93.10252890151439 
-71.473877862389 
-154.42965981557998 
-153.40314566515656 
-53.11016711520614 
-138.09274609235757 
-139.25324748062275 
-85.35784506906477 
-159.3567923501926 
-158.75943162227594 
-45.4820698183511 
-118.40172132645861 
-119.28892460225335 
-46.06327451697788 
-122.38032733563715 
-122.872973752631 
-33.308335347123 
-117.95545534111845 
-116.06841303941398 
-44.088746115308375 
-132.48112145050075 
-130.30798133985493 
-19.545694175585997 
-110.91966075551314 
-112.0185738048968 
-63.874457622286585 
-155.15557516775033 
-153.90228336869802 
-5.858692868226014 
-94.81376980623064 
-95.38004546243879 
1.1589582852606888 
-77.18183339132759 
-77.94062939248664 
-70.09718474706955 
-160.65360972273038 
-159.77924871318163 
-10.951368603205852 
-114.90053594971762 
-115.90115331144256 
-52.90157103552388 
-139.67846945115602 
-140.39681025222225 
-14.746650003670176 
-101.91702964829936 
-102.40167394409127 
6.147074469228832 
-91.61097374464696 
-94.23953011565531 
-69.87361111859519 
-162.65306682001466 
-165.82165121631414 
-12.790475252990634 
-92.02457686646915 
-90.70512711319066 
-51.666349661311045 
-129.2366034541816 
-130.21286456490975 
-47.95492426195426 
-124.1898470050561 
-123.5809261279009 
-27.60121261679002 
-105.94619921033872 
-112.65755861846289 
-43.397691310074705 
-120.63999402695941 
-122.15474140268681 
-21.72277325711884 
-108.53948603201569 
-109.12284563259338 
-35.45940201839024 
-110.76953899411868 
-112.24109757657892 
-68.39749244837995 
-140.36942711574486 
-138.45601677864843 
-27.749977740586314 
-87.48197549842915 
-90.31510846328545 
-43.32108833606458 
-104.09780321613171 
-104.17602214064733 
-46.1229749165155 
-127.60488994634115 
-125.97458606603462 
-48.251778913019415 
-126.50441660840416 
-128.05415463667313 
-37.06524842200168 
-121.35211486212626 
-119.6123826991269 
-32.26327115204925 
-104.24608863923766 
-106.46426423895167 
-41.00489277793632 
-119.89491785639287 
-116.84059650889648 
-72.27001823727024 
-140.0847535529604 
-139.12853651949666 
-20.46818594555548 
-94.9752592557502 
-95.08985922796674 
-41.442799402181116 
-108.43570864710381 
-111.20487101497285 
-39.998385486751616 
-113.485900321737 
-114.6600371800405 
-42.39901279347439 
-115.94996603423301 
-116.89267149512557 
-79.91416266856234 
-164.924278065657 
-164.94610902590838 
-17.21134218887686 
-105.72547874816831 
-107.23124049918746 
-46.58561730962563 
-124.75385641718218 
-123.85297172876423 
-9.960590950879277 
-105.54291466637586 
-104.62052161897645 
-37.8185187660822 
-109.7133945277836 
-110.65001964328223 
-21.4907840357797 
-99.80901395042689 
-102.9231083103976 
-42.20661385492279 
-145.95466715880988 
-148.16392999582024 
-13.076644046904697 
-115.07155948327541 
-113.09627344447992 
37.53989248202123 
-89.13767993736607 
-91.77765849068692 
38.20391040251904 
-55.35609971882707 
-55.21003661546975 
-40.009011204489255 
-151.56782551201812 
-151.218344623593 
33.552631427184785 
-93.67633082247562 
-91.46578655771857 
-8.06565321579856 
-93.04162871040343 
-96.03330823878557 
-34.34484432987572 
-153.0147743717838 
-154.78915842426795 
-13.635835865239779 
-108.8152875937663 
-110.25551570511907 
-115.38900279781345 
52.54201651458834 
106.7400835019721 
7.10476304205713 
-72.06973250360629 
-71.95646667907347 
18.993414094695286 
-49.80025095416445 
-52.043488216475936 
-22.537241048464136 
-92.1964017726821 
-90.44921847877463 
-23.507536018915278 
-108.18159125583384 
-112.15733205442686 
-29.683037636727185 
-147.91713882540506 
-150.0138466059387 
45.08531840627458 
-69.19061252065148 
-67.53839873039344 
-47.690520062753 
-30.874065836013056 
-194.02873717248153 
-197.42304282898357 
-222.28929275905926 
-15.955828250477799 
-123.6256966607509 
-125.83189897674323 
-88.26765915542896 
-24.685848912396132 
-144.96925073172497 
-144.20401806773376 
45.00220213900496 
-102.74691674535221 
-99.37189099340681 
16.820194354065237 
-92.1409619760412 
-92.47837578058024 
-124.56326514917629 
11.755461547835102 
-171.91101515119004 
-96.4039755677431 
-260.4670065539267 
22.25008970424561 
-25.398848627574377 
40.200623309603266 
40.238100047374076 
-274.2467274946433 
-68.49647598260157 
-149.55062847455366 
-111.37989852301976 
-93.0377959768463 
-112.66575426284248 
37.06988794721333 
-57.433671125765095 
-53.59037650409241 
-71.74138737823446 
-328.93238576342765 
-135.77626947296307 
-249.2242055149555 
-54.156662909480815 
-182.3992354386188 
-35.44827769575063 
-88.6050895956952 
-174.95590200484696 
-350.6430503640853 
-67.80224676470766 
-293.7362884850738 
-247.37801101995106 
-259.65753681700784 
-265.10022536600746 
-242.03503423064592 
-20.162899165457674 
-210.36417922881412 
-259.2519382680171 
104.14961950024377 
-276.0886897888407 
-226.36100899941783 
-128.85455297353008 
-97.25818540982831 
-210.2938265210999 
-264.7997512412753 
-29.78011411797611 
-149.73813098820884 
-156.71743803164298 
-257.3047483232348 
-73.35830086469576 
-366.28873387885443 
-48.03766104854926 
-250.29763733321894 
-229.97513914408609 
-101.88254630497839 
-100.9301503779703 
-245.75648832449846 
-140.72523643904339 
-255.5190026605766 
-94.22214140478972 
-438.7956858796328 
36.180339554102375 
-233.01228831488612 
-102.72213851275019 
-160.42098395311223 
-164.1219694131031 
-144.27533236391724 
-77.66733284153433 
-415.88489176201625 
-169.78606625182644 
-24.976768599503515 
-6.469309859668084 
-152.13256711488526 
-151.51332855675406 
-41.6772012376426 
-284.80788232774046 
-58.34541336104114 
-165.8084314871546 
-168.736898811947 
0.18736802973890843 
-95.1520654789941 
-94.60904595035142 
-15.872651826614824 
-106.89772051034704 
-108.12507892874231 
-22.545569480716612 
-102.44494766938573 
-103.70466703509415 
16.26332353928091 
-64.46579254073708 
-63.75053374783276 
-53.76189127862912 
-148.5672216707682 
-148.73929752221497 
-17.53404338062313 
-246.31035949297527 
-19.362093289172275 
-135.59663535556422 
-133.6629286568147 
-280.38652863859306 
-64.98869847631214 
-167.05286111322238 
-168.0149217567882 
-22.099707237798352 
-145.1341957733976 
-144.2169315298123 
-37.10471550298253 
-150.93683283081288 
-152.3590404053015 
-46.143014211323006 
-138.84977126995116 
-137.50377888415443 
-21.14704917190386 
-91.60024153715852 
-93.71987610935608 
-1.8511824144812283 
-104.23393440466222 
-104.51347608430606 
-39.18360377850201 
-111.09563407440932 
-114.09397455575775 
-6.65014985935503 
-180.7143908833611 
-39.34937325777099 
-118.0041354616388 
-117.53362847202078 
-64.02084874381826 
-146.61589985117126 
-146.50117703821192 
-62.64677504673419 
-180.4741694944832 
-181.77684875047117 
-62.69678103718779 
-147.0075818191556 
-148.56365062384057 
-30.877952392578113 
-120.92025397790381 
-123.26396179536937 
-63.26624332309956 
-223.44596292537102 
-76.21834495577838 
-213.612808784457 
-34.289974231223184 
-182.42617281717463 
-57.789244441765156 
-294.4365738367351 
-142.19103359064405 
-68.75810991168224 
-312.6519488533238 
-46.99174931866228 
-359.85249402479326 
-153.86088511817582 
44.455140705453246 
-142.36471037162198 
-134.94682465281136 
-68.32289306960419 
-164.9302442628973 
-157.58417871290806 
-203.56526230601716 
-228.54330962939392 
-170.02458341434811 
-172.2591160650602 
-170.38895322788852 
-126.96096133968018 
-47.86310752764871 
237.4025481537153 
-350.2075299156356 
-264.84199337227335 
-282.46279236941274 
-268.265286141106 
-360.71009903729464 
-261.83515741931063 
-157.79726613347358 
-170.47338241661697 
-80.27988175541196 
-223.9016037018813 
-514.9376947977651 
-227.08534044991507 
-100.82139349014146 
-196.01135811406306 
-274.3428947938235 
-352.6538681325709 
-194.262064771864 
-385.1021682631933 
-248.56999858840572 
-842.5189554339341 
-222.79452277836623 
-352.040279037573 
-258.77660437842076 
-284.4368925999138 
-135.96957132849315 
-101.57765193878454 
-93.25332071798938 
3.3988386285022045 
-939.369821004958 
11.048396733837706 
-77.23104368884702 
-102.69069146735288 
0.0967053134205429 
-799.6000436957431 
-169.47608976662136 
-78.78372786759766 
-102.20562987995828 
-211.90794131811063 
-110.43104731382032 
-66.64385398342614 
-42.90728246194487 
-186.8007280075717 
-140.24870655236998 
-84.9333504677899 
-176.29345083160945 
-58.578814726880765 
-58.372960407439635 
-169.53538027438694 
-148.69370470187286 
-261.73571215606853 
-149.40307099464042 
-257.34594460523385 
-150.77648592657843 
-43.43986053531083 
-110.04005550460296 
-179.85722729571722 
76.3027918702918 
-386.26585315407465 
-290.5156203454874 
-139.04712940131077 
-59.037287107539484 
-93.66402750649726 
-210.58301521905702 
-66.86800982764206 
-219.55959353198736 
-243.9874351956801 
-95.76840512348659 
-209.79441041280356 
-208.33423050399298 
-28.292481478179027 
-130.51113145714953 
-127.50249202693844 
-405.9530927510674 
